0 0.429148 0.025801 0.017016 0.012695
0 0.544063 0.042598 0.015313 0.011133
0 0.565086 0.041426 0.017016 0.011523
0 0.447969 0.093770 0.016250 0.011523
0 0.248062 0.118711 0.016406 0.012305
0 0.170719 0.176914 0.016719 0.012305
0 0.158922 0.409355 0.018125 0.011523
0 0.164867 0.525742 0.016922 0.011328
0 0.177859 0.600254 0.017188 0.013086
0 0.303797 0.631602 0.018125 0.011719
0 0.338797 0.583359 0.017500 0.012891
0 0.354891 0.510215 0.017500 0.013477
0 0.490984 0.507285 0.015313 0.010742
0 0.494469 0.429004 0.016250 0.012695
0 0.378734 0.339375 0.017344 0.012109
0 0.397719 0.289180 0.018438 0.011719
0 0.491281 0.285762 0.016500 0.010742
0 0.532484 0.241523 0.016406 0.011328
0 0.570578 0.283750 0.016781 0.011250
0 0.287891 0.378047 0.017344 0.011523
0 0.601000 0.705098 0.016406 0.011328
0 0.521500 0.809238 0.015781 0.011719
